[[[193, 1080 - 861],[18, 1080 - 855]],
[[222, 1080 - 369],[21, 1080 - 372]],
[[412, 1080 - 189],[415, 1080 - 34]],
[[1045, 1080 - 34],[1045, 1080 - 184]],
[[1623, 1080 - 181],[1669, 1080 - 34]],
[[1710, 1080 - 628],[1875, 1080 - 619]],
[[1654, 1080 - 1050],[1620, 1080 - 850]],
[[1033, 1080 - 888],[1029, 1080 - 1050]],
[[829, 1080 - 760],[606, 1080 - 772]],
[[1134, 1080 - 537],[1141, 1080 - 694]],
[[1536, 1080 - 652],[1692, 1080 - 678]],
[[1246, 1080 - 499],[1257, 1080 - 372]],
[[648, 1080 - 366],[631, 1080 - 493]],
[[351, 1080 - 337],[241, 1080 - 349]],
[[391, 1080 - 142],[543, 1080 - 751]]
]